[Settings]
dockPosition=cui_dock_top
[layout_4]
1=view_persp_user|wireFrame|0|1|1||(matrix3 [0.707107,0.353553,-0.612372] [-0.707107,0.353553,-0.612372] [0,0.866025,0.5] [0,0,-250])
2=view_persp_user|wireFrame|0|1|1||(matrix3 [0.707107,0.353553,-0.612372] [-0.707107,0.353553,-0.612372] [0,0.866025,0.5] [0,0,-250])
3=view_persp_user|wireFrame|0|1|1||(matrix3 [0.707107,0.353553,-0.612372] [-0.707107,0.353553,-0.612372] [0,0.866025,0.5] [0,0,-250])
4=view_persp_user|smoothhighlights|0|1|1||(matrix3 [0.707107,0.353553,-0.612372] [-0.707107,0.353553,-0.612372] [0,0.866025,0.5] [0,0,-250])
activeVpt=4
[layout_4vl]
1=view_top|wireFrame||0|0|
2=view_front|wireFrame||0|0|
3=view_persp_user|wireFrame||0|0|(matrix3 [0.707107,0.353553,-0.612372] [-0.707107,0.353553,-0.612372] [0,0.866025,0.5] [0,0,-250])
4=view_persp_user|smoothhighlights||0|0|(matrix3 [0.707107,0.353553,-0.612372] [-0.707107,0.353553,-0.612372] [0,0.866025,0.5] [0,0,-250])
activeVpt=1
[layout_3ht]
1=view_top|wireFrame||0|0|
2=view_front|wireFrame||0|0|
3=view_persp_user|wireFrame||0|0|(matrix3 [0.707107,0.353553,-0.612372] [-0.707107,0.353553,-0.612372] [0,0.866025,0.5] [0,0,-250])
activeVpt=1
[layout_4ht]
1=view_top|wireFrame||0|0|
2=view_front|wireFrame||0|0|
3=view_persp_user|wireFrame||0|0|(matrix3 [0.707107,0.353553,-0.612372] [-0.707107,0.353553,-0.612372] [0,0.866025,0.5] [0,0,-250])
4=view_persp_user|smoothhighlights||0|0|(matrix3 [0.707107,0.353553,-0.612372] [-0.707107,0.353553,-0.612372] [0,0.866025,0.5] [0,0,-250])
activeVpt=1
[layout_4vr]
1=view_top|wireFrame||0|0|
2=view_front|wireFrame||0|0|
3=view_persp_user|wireFrame||0|0|(matrix3 [0.707107,0.353553,-0.612372] [-0.707107,0.353553,-0.612372] [0,0.866025,0.5] [0,0,-250])
4=view_persp_user|smoothhighlights||0|0|(matrix3 [0.707107,0.353553,-0.612372] [-0.707107,0.353553,-0.612372] [0,0.866025,0.5] [0,0,-250])
activeVpt=1
[layout_2v]
1=view_top|wireFrame||0|0|
2=view_front|wireFrame||0|0|
activeVpt=1
