[Settings]
dockPosition=cui_dock_top
[layout_4]
1=view_front|smoothhighlights|0|0|1|E:\02_Current_Jobs\2006-06 - LittleFire, Borders Conference\2 - 3d\maps\viewport bg.tga|
2=view_persp_user|smoothhighlights|0|1|0|E:\02_Current_Jobs\2006-06 - LittleFire, Borders Conference\2 - 3d\maps\viewport bg.tga|(matrix3 [0.777146,0.220393,-0.589467] [-0.629321,0.272162,-0.727931] [0,0.936672,0.350208] [-203.072,-117.423,-396.265])
3=Animated Camera|smoothhighlights|1|0|1|E:\02_Current_Jobs\2006-06 - LittleFire, Borders Conference\2 - 3d\maps\viewport bg.tga|
4=view_persp_user|smoothhighlights|0|0|1|E:\02_Current_Jobs\2006-06 - LittleFire, Borders Conference\2 - 3d\maps\viewport bg.tga|(matrix3 [0.85264,-0.178705,0.490988] [0.522498,0.29162,-0.80122] [-1.43726e-007,0.939692,0.34202] [142.369,-5.51761,3.92729])
activeVpt=2
[layout_4vl]
1=view_front|smoothhighlights|0|0|0|E:\02_Current_Jobs\2006-06 - LittleFire, Borders Conference\2 - 3d\maps\viewport bg.tga|
2=view_persp_user|wireFrame|1|1|1|E:\02_Current_Jobs\2006-06 - LittleFire, Borders Conference\2 - 3d\maps\viewport bg.tga|(matrix3 [0.75471,0.292732,-0.58713] [-0.656059,0.33675,-0.675415] [0,0.894934,0.446198] [-81.3857,-47.3665,-508.499])
3=Animated Camera|smoothhighlights|0|0|0|E:\02_Current_Jobs\2006-06 - LittleFire, Borders Conference\2 - 3d\maps\viewport bg.tga|
4=view_persp_user|smoothhighlights|0|0|0|E:\02_Current_Jobs\2006-06 - LittleFire, Borders Conference\2 - 3d\maps\viewport bg.tga|(matrix3 [0.707107,0.353553,-0.612372] [-0.707107,0.353553,-0.612372] [0,0.866025,0.5] [-97.6579,-43.7619,-510.432])
activeVpt=1
